item_cd,normal_count,normal_avg,special_count,special_avg,t,p
4512223680182,196,0.0,196,0.0,,
4512223680199,196,0.0,196,0.0,,
4968543711400,196,0.0,196,0.0,,
4988617208506,196,0.0,196,0.0,,
4988617230200,196,0.0,196,0.0,,
4580486629279,196,0.0,196,0.0,,
0000045144622,196,0.0,196,0.0,,
4946842100019,196,0.0,196,0.0,,
4946842100026,196,0.0,196,0.0,,
4946842100033,196,0.0,196,0.0,,
4946842100064,196,0.0,196,0.0,,
4946842110919,196,0.0,196,0.0,,
4946842637829,196,0.0,196,0.0,,
4987024209113,196,0.0,196,0.0,,
4987081299225,196,0.0,196,0.0,,
4987081299232,196,0.0,196,0.0,,
4987110003120,196,0.0,196,0.0,,
4987117398717,196,0.0,196,0.0,,
4987243114007,196,0.0,196,0.0,,
4987243114014,196,0.0,196,0.0,,
4987243114502,196,0.0,196,0.0,,
4987243124105,196,0.0,196,0.0,,
4987306054769,196,0.0,196,0.0,,
4987306054776,196,0.0,196,0.0,,
4987306054783,196,0.0,196,0.0,,
4987306054790,196,0.0,196,0.0,,
4987306054806,196,0.0,196,0.0,,
4987312132710,196,0.0,196,0.0,,
4987312339263,196,0.0,196,0.0,,
4987312339270,196,0.0,196,0.0,,
4987424170235,196,0.0,196,0.0,,
4987424170617,196,0.0,196,0.0,,
4987424170624,196,0.0,196,0.0,,
4988028395550,196,0.0,196,0.0,,
4952040080251,196,0.0,196,0.0,,
4988028398568,196,0.0,196,0.0,,
4988028398698,196,0.0,196,0.0,,
